1735096767.237942,0
1735096767.341194,10
1735096767.444997,9
1735096767.548376,9
1735096767.651610,9
1735096767.755639,10
1735096767.859096,10
1735096767.962412,11
1735096768.066531,9
1735096768.170548,10
1735096768.275498,10
1735096768.379117,12
1735096768.482452,11
1735096768.586463,10
1735096768.690521,10
1735096768.793977,11
1735096768.897477,9
1735096769.000773,11
1735096769.105536,12
1735096769.209481,8
1735096769.313045,7
1735096769.416648,7
1735096769.520475,8
1735096769.624550,7
1735096769.728172,7
1735096769.831701,9
1735096769.935291,6
1735096770.040060,6
1735096770.143335,8
1735096770.246460,6
1735096770.349909,8
1735096770.453098,7
1735096770.556160,8
1735096770.659400,10
1735096770.763202,7
1735096770.866522,9
1735096770.969670,8
1735096771.073337,9
1735096771.176516,9
1735096771.279968,9
1735096771.383136,9
1735096771.486465,8
1735096771.589691,8
1735096771.692938,8
1735096771.796192,7
1735096771.899239,6
1735096772.002500,7
1735096772.106115,7
1735096772.209099,8
1735096772.312013,6
1735096772.415006,7
1735096772.517994,7
1735096772.620928,7
1735096772.723747,6
1735096772.826828,7
1735096772.929716,7
1735096773.032816,8
1735096773.136958,7
1735096773.240494,6
1735096773.343461,6
1735096773.446576,6
1735096773.550154,6
1735096773.653097,7
1735096773.756206,6
1735096773.859132,7
1735096773.961834,6
1735096774.065159,6
1735096774.168466,6
1735096774.271539,6
1735096774.374816,7
1735096774.477901,6
1735096774.580975,7
1735096774.684033,6
1735096774.787120,5
1735096774.890042,7
1735096774.992849,6
1735096775.096516,6
1735096775.200059,5
1735096775.303169,6
1735096775.406209,5
1735096775.509377,5
1735096775.613416,7
1735096775.716620,6
1735096775.819695,7
1735096775.922774,7
1735096776.025697,7
1735096776.130805,6
1735096776.234581,6
1735096776.337956,7
1735096776.441298,6
1735096776.545440,7
1735096776.648853,6
1735096776.752846,6
1735096776.856435,6
1735096776.959864,7
1735096777.063665,7
1735096777.166950,6
1735096777.270261,8
1735096777.373905,2
1735096777.477290,1
1735096777.581496,1
1735096777.684753,1
1735096777.787822,2
1735096777.890753,3
1735096777.993772,6
1735096778.097359,6
1735096778.201014,6
1735096778.303847,6
1735096778.406887,6
1735096778.509826,4
1735096778.613655,8
1735096778.716624,5
1735096778.819449,5
1735096778.923247,7
1735096779.026806,7
1735096779.130834,6
1735096779.234957,7
1735096779.338696,7
1735096779.442329,10
1735096779.546735,10
1735096779.650560,9
1735096779.754269,10
1735096779.857956,10
1735096779.961543,10
1735096780.064933,8
1735096780.168781,10
1735096780.272663,10
1735096780.375902,10
1735096780.479055,9
1735096780.582995,8
1735096780.686735,9
1735096780.790400,9
1735096780.893966,10
1735096780.997196,10
1735096781.100382,9
1735096781.204038,9
1735096781.307384,10
1735096781.410777,8
1735096781.514027,9
1735096781.617240,8
1735096781.720399,8
1735096781.823317,8
1735096781.926057,8
1735096782.028918,7
1735096782.131952,8
1735096782.234926,8
1735096782.337837,7
1735096782.440707,7
1735096782.543543,9
1735096782.646338,8
1735096782.749578,9
1735096782.852682,7
1735096782.955549,6
1735096783.058349,8
1735096783.161176,8
1735096783.264128,7
1735096783.366997,10
1735096783.469890,9
1735096783.574055,8
1735096783.678752,9
1735096783.782437,8
1735096783.885432,9
1735096783.988293,7
1735096784.091411,8
1735096784.194306,9
1735096784.297978,9
1735096784.400973,8
1735096784.504163,9
1735096784.607189,9
1735096784.710260,8
1735096784.813391,9
1735096784.916314,10
1735096785.019006,8
1735096785.121842,9
1735096785.224644,10
1735096785.327517,9
1735096785.430338,9
1735096785.533118,9
1735096785.636590,9
1735096785.740098,10
1735096785.843193,8
1735096785.946157,9
1735096786.049792,8
1735096786.152653,8
1735096786.255494,10
1735096786.358333,9
1735096786.461122,8
1735096786.563836,8
1735096786.666606,8
1735096786.769469,7
1735096786.872547,8
1735096786.975396,8
1735096787.078547,7
1735096787.181686,9
1735096787.284913,7
1735096787.388128,8
1735096787.491343,7
1735096787.595212,7
1735096787.698938,2
1735096787.802619,2
1735096787.905814,1
1735096788.008970,3
1735096788.113291,4
1735096788.216627,5
1735096788.319930,6
1735096788.423066,6
1735096788.526112,5
1735096788.628946,5
1735096788.731952,6
1735096788.834963,7
1735096788.937881,6
1735096789.040971,5
1735096789.143935,8
1735096789.247763,7
1735096789.350663,7
1735096789.453697,9
1735096789.557521,8
1735096789.660754,8
1735096789.764044,10
1735096789.867351,9
1735096789.970486,8
1735096790.074353,9
1735096790.177602,9
1735096790.280863,9
1735096790.384196,9
1735096790.487524,9
1735096790.590734,9
1735096790.695814,11
1735096790.799195,10
1735096790.902514,11
1735096791.005787,9
1735096791.109052,10
1735096791.213751,10
1735096791.317020,11
1735096791.420325,10
1735096791.523572,11
1735096791.628622,10
1735096791.733348,10
1735096791.836633,9
1735096791.939879,9
1735096792.042878,10
1735096792.145826,8
1735096792.248755,9
1735096792.351534,10
1735096792.454623,9
1735096792.558267,9
1735096792.662279,8
1735096792.765610,8
1735096792.868738,9
1735096792.971696,7
1735096793.074648,8
1735096793.177341,8
1735096793.280377,7
1735096793.383337,7
1735096793.486390,9
1735096793.590269,8
1735096793.693326,7
1735096793.796805,9
1735096793.899839,8
1735096794.002857,9
1735096794.106519,5
1735096794.209992,7
1735096794.312980,11
1735096794.415841,9
1735096794.518644,8
1735096794.622468,11
1735096794.726279,7
1735096794.829280,8
1735096794.932388,11
1735096795.035449,8
1735096795.139022,10
1735096795.242509,8
1735096795.345368,9
1735096795.448241,10
1735096795.551226,9
1735096795.655788,8
1735096795.760405,10
1735096795.863476,9
1735096795.966592,9
1735096796.069640,9
1735096796.172591,9
1735096796.275603,9
1735096796.378523,9
1735096796.481314,8
1735096796.584078,9
1735096796.686922,9
1735096796.789820,10
1735096796.892686,10
1735096796.996141,8
1735096797.099031,9
1735096797.201859,9
1735096797.304622,8
1735096797.407329,9
1735096797.510160,10
1735096797.614159,8
1735096797.717295,9
1735096797.820575,8
1735096797.923491,7
1735096798.026691,3
1735096798.129832,2
1735096798.233026,3
1735096798.336260,4
1735096798.439292,7
1735096798.542505,5
1735096798.645718,5
1735096798.748989,7
1735096798.852177,6
1735096798.955169,6
1735096799.060552,7
1735096799.164471,7
1735096799.267627,8
1735096799.370904,9
1735096799.474130,7
1735096799.578281,7
1735096799.682647,9
1735096799.785874,8
1735096799.889180,8
1735096799.992419,10
1735096800.095659,9
1735096800.201988,9
1735096800.307904,9
1735096800.411120,10
1735096800.514209,10
1735096800.617354,8
1735096800.721662,9
1735096800.824821,9
1735096800.927950,9
1735096801.031125,10
1735096801.134251,9
1735096801.237478,9
1735096801.340845,9
1735096801.444155,9
1735096801.547592,10
1735096801.651549,10
1735096801.755675,10
1735096801.859396,10
1735096801.962966,10
1735096802.066749,10
1735096802.170657,9
1735096802.274617,9
1735096802.377819,9
1735096802.481045,10
1735096802.584754,8
1735096802.688532,9
1735096802.791851,8
1735096802.894892,7
1735096802.997934,8
1735096803.101021,8
1735096803.204657,8
1735096803.308162,9
1735096803.411011,8
1735096803.514044,7
1735096803.617595,9
1735096803.721200,8
1735096803.824337,7
1735096803.927352,9
1735096804.030424,9
1735096804.133449,8
1735096804.236538,9
1735096804.339705,8
1735096804.442759,9
1735096804.545884,9
1735096804.648987,9
1735096804.752296,10
1735096804.855599,8
1735096804.958882,10
1735096805.062280,10
1735096805.165645,10
1735096805.270041,10
1735096805.373734,9
1735096805.477020,10
1735096805.580865,11
1735096805.684489,9
1735096805.788205,10
1735096805.891749,10
1735096805.995168,10
1735096806.099062,9
1735096806.202231,8
1735096806.306058,9
1735096806.409214,9
1735096806.512037,7
1735096806.615455,8
1735096806.719037,8
1735096806.822127,8
1735096806.925176,7
1735096807.028202,8
1735096807.131172,8
1735096807.234360,7
1735096807.337549,7
1735096807.440649,9
1735096807.543824,7
1735096807.647524,7
1735096807.751202,9
1735096807.854404,8
1735096807.957332,7
1735096808.060378,9
1735096808.164126,8
1735096808.267229,5
1735096808.370563,1
1735096808.473837,2
1735096808.578243,3
1735096808.682667,6
1735096808.785946,7
1735096808.889348,5
1735096808.992623,7
1735096809.096468,6
1735096809.200466,6
1735096809.303702,7
1735096809.406983,6
1735096809.510185,7
1735096809.613643,9
1735096809.717722,8
1735096809.821058,8
1735096809.924464,9
1735096810.027697,9
1735096810.131538,8
1735096810.235325,9
1735096810.339417,9
1735096810.442847,9
1735096810.546235,9
1735096810.649911,8
1735096810.753147,9
1735096810.856542,9
1735096810.959856,9
1735096811.063143,9
1735096811.166729,9
1735096811.270630,9
1735096811.374459,9
1735096811.478188,8
1735096811.582753,10
1735096811.687286,9
1735096811.791146,8
1735096811.894949,8
1735096811.998814,8
1735096812.102385,7
1735096812.206909,9
1735096812.311399,8
1735096812.415225,7
1735096812.518843,8
1735096812.622550,6
1735096812.726416,8
1735096812.830121,9
1735096812.934247,7
1735096813.038273,8
1735096813.141661,7
1735096813.245597,8
1735096813.348944,9
1735096813.451898,8
1735096813.555216,7
1735096813.658502,10
1735096813.761828,8
1735096813.865253,8
1735096813.968204,9
1735096814.071951,9
1735096814.175043,8
1735096814.278712,9
1735096814.381877,9
1735096814.485262,9
1735096814.588698,9
1735096814.692018,8
1735096814.795306,10
1735096814.898549,10
1735096815.001801,9
1735096815.105037,10
1735096815.208340,10
1735096815.312180,10
1735096815.415408,11
1735096815.518380,10
1735096815.622091,10
1735096815.725152,10
1735096815.828111,8
1735096815.931249,9
1735096816.034385,8
1735096816.137751,7
1735096816.240966,8
1735096816.344389,7
1735096816.447671,7
1735096816.550772,9
1735096816.654405,7
1735096816.757485,7
1735096816.860464,9
1735096816.963361,8
1735096817.066532,9
1735096817.170257,8
1735096817.274494,7
1735096817.377695,9
1735096817.480683,8
1735096817.584225,8
1735096817.687811,9
1735096817.790851,9
1735096817.894500,9
1735096817.997535,9
1735096818.100585,9
1735096818.205637,9
1735096818.309573,10
1735096818.412663,9
1735096818.515596,10
1735096818.619113,5
1735096818.722565,2
1735096818.825618,2
1735096818.929180,3
1735096819.032024,4
1735096819.135007,7
1735096819.239872,5
1735096819.343097,5
1735096819.446278,8
1735096819.549450,5
1735096819.653803,6
1735096819.757755,6
1735096819.861063,7
1735096819.964324,7
1735096820.067662,6
1735096820.171679,7
1735096820.274982,10
1735096820.378292,7
1735096820.481679,8
1735096820.585497,9
1735096820.689294,9
1735096820.793208,10
1735096820.896502,9
1735096820.999945,9
1735096821.103899,8
1735096821.207583,9
1735096821.311552,10
1735096821.626751,8
1735096821.730630,9
1735096821.834542,10
1735096821.937864,10
1735096822.041168,10
1735096822.144421,10
1735096822.247627,10
1735096822.350970,10
1735096822.455113,8
1735096822.558353,8
1735096822.662137,7
1735096822.766003,8
1735096822.869307,7
1735096822.972528,8
1735096823.077263,7
1735096823.181101,7
1735096823.284356,9
1735096823.387730,7
1735096823.490610,7
1735096823.594261,9
1735096823.698111,8
1735096823.802002,9
1735096823.905205,8
1735096824.008280,7
1735096824.112071,9
1735096824.215445,9
1735096824.319689,8
1735096824.423032,9
1735096824.526340,9
1735096824.629772,8
1735096824.734134,9
1735096824.837422,9
1735096824.940659,9
1735096825.043924,9
1735096825.147177,9
1735096825.250417,10
1735096825.353651,11
1735096825.456811,10
1735096825.560049,11
1735096825.664852,9
1735096825.768050,10
1735096825.871205,11
1735096825.974634,9
1735096826.077927,10
1735096826.181282,9
1735096826.284526,10
1735096826.387731,9
1735096826.490853,10
1735096826.593823,9
1735096826.696674,8
1735096826.799636,10
1735096826.902508,8
1735096827.005322,8
1735096827.108139,8
1735096827.211046,8
1735096827.313831,7
1735096827.416773,7
1735096827.519720,8
1735096827.622792,7
1735096827.725735,8
1735096827.828734,9
1735096827.931586,7
1735096828.034559,7
1735096828.137578,8
1735096828.240598,7
1735096828.343533,9
1735096828.446602,7
1735096828.549515,8
1735096828.652796,9
1735096828.755712,8
1735096828.858484,9
1735096828.961289,3
1735096829.064245,2
1735096829.167182,3
1735096829.270839,3
1735096829.373898,3
1735096829.477014,5
1735096829.580707,5
1735096829.684510,4
1735096829.788209,6
1735096829.891257,4
1735096829.994698,5
1735096830.097924,6
1735096830.201626,7
1735096830.305217,6
1735096830.408039,8
1735096830.511036,7
1735096830.614430,7
1735096830.717921,8
1735096830.821232,8
1735096830.923986,8
1735096831.027164,8
1735096831.130204,9
1735096831.233118,7
1735096831.336159,8
1735096831.438949,8
1735096831.541980,8
1735096831.644972,9
1735096831.747843,8
1735096831.850918,8
1735096831.953946,7
1735096832.057533,8
1735096832.162170,8
1735096832.266145,8
1735096832.369089,7
1735096832.471945,7
1735096832.575005,8
1735096832.678105,7
1735096832.781364,9
1735096832.885033,8
1735096832.988483,7
1735096833.092138,7
1735096833.195156,7
1735096833.298269,8
1735096833.401170,7
1735096833.504269,8
1735096833.607190,8
1735096833.710618,7
1735096833.813588,8
1735096833.916452,8
1735096834.019297,7
1735096834.122834,8
1735096834.226422,7
1735096834.329993,7
1735096834.432971,8
1735096834.536029,7
1735096834.639823,7
1735096834.743433,8
1735096834.846313,7
1735096834.949114,8
1735096835.051887,7
1735096835.155558,7
1735096835.258704,9
1735096835.361805,7
1735096835.465287,7
1735096835.568499,8
1735096835.671713,7
1735096835.774938,8
1735096835.878144,7
1735096835.981421,7
1735096836.085498,8
1735096836.189284,7
1735096836.292588,8
1735096836.395851,8
1735096836.499059,7
1735096836.602279,8
1735096836.705921,7
1735096836.809085,8
1735096836.912486,8
1735096837.015830,7
1735096837.119795,8
1735096837.223782,7
1735096837.327079,7
1735096837.430619,8
1735096837.534211,7
1735096837.637602,7
1735096837.741028,8
1735096837.844341,7
1735096837.947392,8
1735096838.050602,7
1735096838.154556,7
1735096838.258420,8
1735096838.361731,7
1735096838.465008,7
1735096838.568011,8
1735096838.671334,7
1735096838.774606,8
1735096838.877908,7
1735096838.980785,7
1735096839.083738,8
1735096839.187527,5
1735096839.290452,1
1735096839.393598,1
1735096839.496932,1
1735096839.600117,1
1735096839.703350,2
1735096839.806633,4
1735096839.909454,7
1735096840.012469,6
1735096840.115470,5
1735096840.218540,7
1735096840.321652,5
1735096840.424708,6
1735096840.527759,7
1735096840.630789,7
1735096840.733760,7
1735096840.836903,6
1735096840.939904,8
1735096841.042843,9
1735096841.146400,7
1735096841.249807,9
1735096841.353050,9
1735096841.456266,9
1735096841.559313,9
1735096841.662936,9
1735096841.765835,10
1735096841.868810,8
1735096841.971645,9
1735096842.074671,10
1735096842.178269,9
1735096842.282089,9
1735096842.385326,9
1735096842.488608,9
1735096842.592337,10
1735096842.695764,8
1735096842.798719,8
1735096842.901779,8
1735096843.005056,7
1735096843.108048,7
1735096843.211590,8
1735096843.315840,7
1735096843.419509,8
1735096843.523435,9
1735096843.627848,8
1735096843.732199,10
1735096843.835977,7
1735096843.939555,7
1735096844.043328,8
1735096844.147093,7
1735096844.251512,8
1735096844.355421,9
1735096844.459237,8
1735096844.563089,9
1735096844.667586,8
1735096844.771420,8
1735096844.875278,9
1735096844.979154,9
1735096845.082883,9
1735096845.186789,9
1735096845.291277,10
1735096845.395087,9
1735096845.498901,9
1735096845.602728,9
1735096845.706319,9
1735096845.809672,9
1735096845.912735,8
1735096846.015855,9
1735096846.118987,10
1735096846.222218,9
1735096846.325977,9
1735096846.429194,7
1735096846.532639,8
1735096846.636468,9
1735096846.740717,8
1735096846.844218,9
1735096846.947573,9
1735096847.050869,7
1735096847.154499,7
1735096847.257723,8
1735096847.361063,7
1735096847.464386,8
1735096847.567779,8
1735096847.671121,7
1735096847.774966,9
1735096847.878309,8
1735096847.981699,7
1735096848.085092,8
1735096848.189836,7
1735096848.294145,8
1735096848.397470,10
1735096848.500780,8
1735096848.606663,9
1735096848.710566,8
1735096848.814472,8
1735096848.917756,9
1735096849.021221,9
1735096849.124387,8
1735096849.227866,9
1735096849.331357,9
1735096849.434654,8
1735096849.537907,4
1735096849.641101,1
1735096849.744462,1
1735096849.847781,2
1735096849.951052,2
1735096850.054191,5
1735096850.157790,7
1735096850.260798,5
1735096850.363647,5
1735096850.466848,7
1735096850.569936,6
1735096850.672980,6
1735096850.776557,5
1735096850.879430,6
1735096850.982391,8
1735096851.085426,6
1735096851.188751,6
1735096851.291846,8
1735096851.394763,7
1735096851.497708,7
1735096851.601327,8
1735096851.705014,7
1735096851.808473,9
1735096851.911473,10
1735096852.014543,8
1735096852.118096,9
1735096852.221429,9
1735096852.324318,9
1735096852.427570,9
1735096852.531141,10
1735096852.636119,9
1735096852.740213,9
1735096852.844081,9
1735096852.947276,9
1735096853.050694,10
1735096853.153962,8
1735096853.257826,9
1735096853.361254,9
1735096853.464642,9
1735096853.567933,10
1735096853.672509,9
1735096853.777086,10
1735096853.880454,10
1735096853.983319,9
1735096854.086437,10
1735096854.190313,8
1735096854.293737,8
1735096854.396800,8
1735096854.499767,8
1735096854.603381,7
1735096854.706952,8
1735096854.810427,9
1735096854.913322,7
1735096855.016473,8
1735096855.120026,7
1735096855.223597,7
1735096855.326685,9
1735096855.429791,7
1735096855.532848,8
1735096855.636836,8
1735096855.740630,7
1735096855.844322,8
1735096855.947431,8
1735096856.050443,7
1735096856.153967,9
1735096856.257620,8
1735096856.360628,9
1735096856.463777,10
1735096856.566705,8
1735096856.669767,8
1735096856.772635,9
1735096856.875318,9
1735096856.978183,10
1735096857.080924,8
1735096857.183670,10
1735096857.286515,10
1735096857.389236,10
1735096857.492157,10
1735096857.595056,10
1735096857.698473,10
1735096857.801524,10
1735096857.904566,11
1735096858.007542,9
1735096858.110532,10
1735096858.213642,10
1735096858.316495,10
1735096858.419233,10
1735096858.522221,8
1735096858.625084,9
