1735119331.487125,0
1735119331.591167,10
1735119331.697229,16
1735119331.800467,23
1735119331.904661,30
1735119332.008779,36
1735119332.112264,42
1735119332.215763,50
1735119332.318926,56
1735119332.423964,64
1735119332.527874,70
1735119332.631130,79
1735119332.734495,90
1735119332.839688,98
1735119332.943793,99
1735119333.047934,99
1735119333.151492,100
1735119333.254859,99
1735119333.358685,99
1735119333.462264,99
1735119333.567479,99
1735119333.670914,99
1735119333.774004,99
1735119333.876974,99
1735119333.979958,98
1735119334.083862,99
1735119334.187618,99
1735119334.291461,98
1735119334.395396,98
1735119334.499601,97
1735119334.603461,97
1735119334.707417,94
1735119334.811410,93
1735119334.916273,93
1735119335.020860,93
1735119335.124865,97
1735119335.228784,100
1735119335.332899,100
1735119335.437702,100
1735119335.542489,100
1735119335.646364,99
1735119335.750416,98
1735119335.854983,96
1735119335.959351,97
1735119336.063187,95
1735119336.167009,96
1735119336.270451,96
1735119336.374371,96
1735119336.478111,96
1735119336.582450,97
1735119336.685922,97
1735119336.789302,97
1735119336.894192,98
1735119336.998705,99
1735119337.102133,97
1735119337.205564,97
1735119337.308949,96
1735119337.413436,97
1735119337.517927,97
1735119337.621979,93
1735119337.725855,94
1735119337.829970,93
1735119337.934721,94
1735119338.039529,92
1735119338.143448,92
1735119338.247392,93
1735119338.351748,93
1735119338.456859,94
1735119338.561948,96
1735119338.666522,97
1735119338.770859,97
1735119338.875619,99
1735119338.980678,97
1735119339.085691,96
1735119339.190008,94
1735119339.294243,86
1735119339.398960,77
1735119339.503384,70
1735119339.607628,65
1735119339.711665,60
1735119339.815325,53
1735119339.919533,51
1735119340.023158,51
1735119340.127134,51
1735119340.230845,52
1735119340.334470,52
1735119340.438884,52
1735119340.542652,52
1735119340.645835,53
1735119340.748692,53
1735119340.851792,53
1735119340.954643,53
1735119341.057696,52
1735119341.160700,52
1735119341.264006,52
1735119341.368144,52
1735119341.472827,52
1735119341.577781,52
1735119341.682073,52
1735119341.786346,53
1735119341.889847,53
1735119341.993391,54
1735119342.096293,54
1735119342.198969,54
1735119342.302206,55
1735119342.406578,54
1735119342.511030,52
1735119342.614615,52
1735119342.718589,52
1735119342.822128,52
1735119342.925193,52
1735119343.027876,52
1735119343.130786,52
1735119343.233536,51
1735119343.336473,51
1735119343.441106,52
1735119343.544987,53
1735119343.648451,53
1735119343.751968,53
1735119343.855827,53
1735119343.959555,53
1735119344.064192,53
1735119344.167466,52
1735119344.270685,53
1735119344.374506,52
1735119344.478272,53
1735119344.581256,53
1735119344.683980,52
1735119344.786600,53
1735119344.889885,53
1735119344.993031,54
1735119345.096114,54
1735119345.198668,54
1735119345.301269,54
1735119345.405047,54
1735119345.508362,55
1735119345.611320,54
1735119345.714015,54
1735119345.817291,55
1735119345.922184,54
1735119346.025699,54
1735119346.128484,54
1735119346.231404,54
1735119346.334989,53
1735119346.439225,53
1735119346.543865,54
1735119346.647646,54
1735119346.751233,54
1735119346.854722,54
1735119346.958340,55
1735119347.062259,55
1735119347.165478,55
1735119347.268616,55
1735119347.372339,55
1735119347.475952,56
1735119347.579502,56
1735119347.682651,56
1735119347.785647,56
1735119347.888959,56
1735119347.992231,57
1735119348.095887,57
1735119348.198839,57
1735119348.302218,59
1735119348.406046,59
1735119348.509984,59
1735119348.613034,59
1735119348.715861,59
1735119348.818985,59
1735119348.922949,59
1735119349.026621,59
1735119349.129959,58
1735119349.233203,58
1735119349.336642,58
1735119349.440871,58
1735119349.545379,58
1735119349.649106,58
1735119349.752774,59
1735119349.857244,57
1735119349.961410,60
1735119350.065538,59
1735119350.168947,59
1735119350.272573,60
1735119350.377616,59
1735119350.482466,59
1735119350.586043,60
1735119350.689716,59
1735119350.792825,59
1735119350.896853,59
1735119351.000953,58
1735119351.104316,60
1735119351.207849,60
1735119351.311484,59
1735119351.416553,61
1735119351.520681,59
1735119351.624436,61
1735119351.727869,62
1735119351.831343,61
1735119351.936421,61
1735119352.041387,61
1735119352.145110,61
1735119352.248122,61
1735119352.353318,61
1735119352.457092,59
1735119352.561206,59
1735119352.664353,59
1735119352.767641,59
1735119352.871423,60
1735119352.975300,59
1735119353.078964,60
1735119353.182051,60
1735119353.284869,59
1735119353.392210,59
1735119353.495622,59
1735119353.599735,59
1735119353.702957,59
1735119353.805970,59
1735119353.909689,59
1735119354.013484,59
1735119354.116551,60
1735119354.219252,61
1735119354.322269,60
1735119354.426241,60
1735119354.530067,60
1735119354.633410,60
1735119354.737167,61
1735119354.840939,61
1735119354.945649,61
1735119355.050438,60
1735119355.154262,60
1735119355.258281,62
1735119355.362540,60
1735119355.467231,60
1735119355.571999,60
1735119355.675971,60
1735119355.779767,60
1735119355.884516,60
1735119355.989038,61
1735119356.093757,60
1735119356.197480,60
1735119356.301316,60
1735119356.406041,60
1735119356.510228,61
1735119356.614334,61
1735119356.718168,61
1735119356.822059,61
1735119356.926008,61
1735119357.029860,62
1735119357.133932,62
1735119357.237518,62
1735119357.340974,62
1735119357.444912,63
1735119357.548426,63
1735119357.651659,63
1735119357.754429,63
1735119357.858621,63
1735119357.962153,63
1735119358.065576,63
1735119358.168380,63
1735119358.271588,64
1735119358.375963,66
1735119358.480251,66
1735119358.584690,66
1735119358.688007,66
1735119358.791048,66
1735119358.894471,67
1735119358.998035,66
1735119359.101092,66
1735119359.204173,63
1735119359.306818,65
1735119359.410245,65
1735119359.513589,65
1735119359.616452,66
1735119359.719608,65
1735119359.822482,65
1735119359.925580,66
1735119360.030014,66
1735119360.133327,67
1735119360.236618,67
1735119360.339978,67
1735119360.445093,67
1735119360.549008,67
1735119360.652900,67
1735119360.756720,66
1735119360.860729,66
1735119360.964741,68
1735119361.068480,66
1735119361.172356,66
1735119361.276298,66
1735119361.380135,66
1735119361.483560,66
1735119361.587389,66
1735119361.691159,66
1735119361.795346,66
1735119361.899864,67
1735119362.004524,68
1735119362.109149,68
1735119362.212695,68
1735119362.315979,68
1735119362.419651,68
1735119362.523423,68
1735119362.626397,68
1735119362.729334,68
1735119362.832004,68
1735119362.935377,66
1735119363.038652,66
1735119363.141474,66
1735119363.244165,66
1735119363.346918,66
1735119363.450464,66
1735119363.555325,66
1735119363.658563,66
1735119363.761785,68
1735119363.872192,67
1735119363.975868,67
1735119364.079672,67
1735119364.182739,67
1735119364.286240,68
1735119364.390705,69
1735119364.495328,68
1735119364.599719,68
1735119364.703053,67
1735119364.806528,67
1735119364.911047,68
1735119365.015083,67
1735119365.118984,67
1735119365.222640,66
1735119365.326468,66
1735119365.431097,66
1735119365.535656,66
1735119365.638909,67
1735119365.742414,67
1735119365.845999,67
1735119365.950687,67
1735119366.055438,67
1735119366.159106,67
1735119366.262864,67
1735119366.366701,67
1735119366.471266,67
1735119366.575844,67
1735119366.679571,67
1735119366.783397,67
1735119366.887121,67
1735119366.991462,67
1735119367.096024,68
1735119367.199780,69
1735119367.303601,68
1735119367.407938,68
1735119367.512262,69
1735119367.616334,69
1735119367.719896,69
1735119367.823616,69
1735119367.927882,69
1735119368.031738,70
1735119368.134881,70
1735119368.238117,71
1735119368.341744,70
1735119368.445954,70
1735119368.550796,70
1735119368.654489,70
1735119368.758151,71
1735119368.861887,70
1735119368.965053,72
1735119369.068971,71
1735119369.172526,71
1735119369.276215,71
1735119369.380421,71
1735119369.484916,72
1735119369.589209,72
1735119369.693228,72
1735119369.796991,72
1735119369.905448,69
1735119370.009638,72
1735119370.114351,72
1735119370.217975,72
1735119370.321678,72
1735119370.425745,72
1735119370.530637,72
1735119370.634306,72
1735119370.737895,72
1735119370.841689,72
1735119370.946148,74
1735119371.050464,74
1735119371.154389,74
1735119371.258462,74
1735119371.362366,74
1735119371.467099,75
1735119371.571846,75
1735119371.676351,75
1735119371.780640,75
1735119371.885187,75
1735119371.990083,73
1735119372.095618,73
1735119372.199250,73
1735119372.303460,73
1735119372.407999,73
1735119372.512075,73
1735119372.617296,73
1735119372.723130,73
1735119372.827448,73
1735119372.931177,74
1735119373.035934,74
1735119373.139714,75
1735119373.243298,74
1735119373.347067,74
1735119373.451932,74
1735119373.556251,75
1735119373.659723,75
1735119373.763954,75
1735119373.870421,75
1735119373.976036,72
1735119374.079925,72
1735119374.183287,72
1735119374.286815,74
1735119374.390513,72
1735119374.494771,72
1735119374.599097,73
1735119374.703478,73
1735119374.806990,74
1735119374.910473,73
1735119375.019479,73
1735119375.122676,72
1735119375.225867,72
1735119375.329257,72
1735119375.433476,72
1735119375.537717,73
1735119375.641359,73
1735119375.744753,73
1735119375.847935,73
1735119375.951915,73
1735119376.059036,73
1735119376.162361,73
1735119376.266686,73
1735119376.371774,73
1735119376.476187,73
1735119376.580448,73
1735119376.683948,73
1735119376.787058,74
1735119376.891228,73
1735119376.994915,73
1735119377.098765,73
1735119377.202128,73
1735119377.305710,73
1735119377.409798,74
1735119377.514277,74
1735119377.618701,74
1735119377.722525,75
1735119377.825790,76
1735119377.929953,75
1735119378.033805,75
1735119378.136987,74
1735119378.240021,74
1735119378.343114,75
1735119378.473326,74
1735119378.599466,75
1735119378.714913,75
1735119378.829069,75
1735119378.932789,75
1735119379.036796,76
1735119379.140034,76
1735119379.243266,76
1735119379.346863,76
1735119379.450392,76
1735119379.555038,76
1735119379.658997,76
1735119379.762930,76
1735119379.866201,76
1735119379.970110,76
1735119380.074252,79
1735119380.177716,79
1735119380.281029,79
1735119380.384266,79
1735119380.487773,79
1735119380.592009,79
1735119380.695121,79
1735119380.798076,79
1735119380.901994,79
1735119381.005850,79
1735119381.109490,78
1735119381.212494,77
1735119381.315622,77
1735119381.419174,77
1735119381.523127,77
1735119381.626617,78
1735119381.730130,78
1735119381.833455,78
1735119381.936744,79
1735119382.039712,80
1735119382.142902,79
1735119382.246420,79
1735119382.349640,82
1735119382.453738,82
1735119382.557979,82
1735119382.661080,82
1735119382.764127,82
1735119382.867250,83
1735119382.970490,82
1735119383.074555,82
1735119383.177599,82
1735119383.280635,80
1735119383.384502,79
1735119383.488578,79
1735119383.592767,79
1735119383.696424,79
1735119383.800247,79
1735119383.903445,79
1735119384.006902,79
1735119384.110857,80
1735119384.213940,80
1735119384.317245,80
1735119384.421501,82
1735119384.525989,82
1735119384.629786,82
1735119384.733397,82
1735119384.836928,82
1735119384.940431,82
1735119385.044567,82
1735119385.147614,82
1735119385.250590,82
1735119385.353895,82
1735119385.458054,83
1735119385.562153,79
1735119385.665678,78
1735119385.769141,78
1735119385.872650,80
1735119385.976522,78
1735119386.080418,78
1735119386.183336,78
1735119386.286360,78
1735119386.390386,79
1735119386.494381,79
1735119386.599170,79
1735119386.702256,78
1735119386.805421,78
1735119386.909027,78
1735119387.012765,79
1735119387.116045,79
1735119387.219244,79
1735119387.322540,79
1735119387.425689,79
1735119387.529553,79
1735119387.633095,78
1735119387.736425,78
1735119387.839819,78
1735119387.943650,78
1735119388.047337,79
1735119388.150913,78
1735119388.254442,78
1735119388.357970,79
1735119388.462597,79
1735119388.567015,79
1735119388.671670,80
1735119388.775364,80
1735119388.879988,80
1735119388.984555,80
1735119389.088845,80
1735119389.192459,80
1735119389.296225,80
1735119389.400435,80
1735119389.504686,80
1735119389.609172,80
1735119389.713036,80
1735119389.816680,80
1735119389.920062,80
1735119390.023633,80
1735119390.127651,80
1735119390.230948,80
1735119390.334177,81
1735119390.437940,81
1735119390.542311,81
1735119390.645417,83
1735119390.748512,82
1735119390.851565,82
1735119390.954658,83
1735119391.058010,83
1735119391.160903,83
1735119391.263937,83
1735119391.367275,83
1735119391.471456,82
1735119391.575675,82
1735119391.679093,84
1735119391.782401,87
1735119391.885767,86
1735119391.989126,86
1735119392.092198,86
1735119392.195320,86
1735119392.298530,86
1735119392.402545,86
1735119392.506067,86
1735119392.610273,87
1735119392.713639,87
1735119392.816680,85
1735119392.921013,83
1735119393.025988,84
1735119393.130983,84
1735119393.234675,85
1735119393.338213,85
1735119393.442509,85
1735119393.547077,85
1735119393.650906,85
1735119393.754704,86
1735119393.858424,85
1735119393.962825,86
1735119394.066655,85
1735119394.170274,87
1735119394.273611,87
1735119394.377182,87
1735119394.481653,87
1735119394.586233,87
1735119394.690073,87
1735119394.793546,87
1735119394.897507,87
1735119395.001714,87
1735119395.105168,87
1735119395.208390,85
1735119395.311600,84
1735119395.415546,84
1735119395.519981,84
1735119395.623903,86
1735119395.726726,86
1735119395.829444,86
1735119395.932688,86
1735119396.035883,86
1735119396.139344,86
1735119396.243097,86
1735119396.346724,87
1735119396.451516,86
1735119396.556526,88
1735119396.661138,88
1735119396.764827,88
1735119396.868553,88
1735119396.972891,88
1735119397.077352,88
1735119397.181126,88
1735119397.284689,88
1735119397.390709,88
1735119397.495505,87
1735119397.600526,86
1735119397.704170,85
1735119397.807791,85
1735119397.912476,86
1735119398.016550,85
1735119398.121276,85
1735119398.224509,85
1735119398.327601,85
1735119398.432353,86
1735119398.536106,86
1735119398.639209,86
1735119398.741979,86
1735119398.845054,86
1735119398.948224,85
1735119399.051361,85
1735119399.154117,85
1735119399.256747,85
1735119399.359412,85
1735119399.462147,85
1735119399.565337,85
1735119399.667886,85
1735119399.770426,84
1735119399.873223,84
1735119399.976771,85
1735119400.080207,85
1735119400.183221,85
1735119400.285962,85
1735119400.389714,86
1735119400.492304,86
1735119400.595568,86
1735119400.698155,86
1735119400.800793,86
1735119400.904053,86
1735119401.007232,86
1735119401.110893,86
1735119401.214154,86
1735119401.317439,86
1735119401.421457,86
1735119401.526561,86
1735119401.630922,87
1735119401.734428,86
1735119401.837919,86
1735119401.942744,86
1735119402.047454,86
1735119402.151575,86
1735119402.255399,86
1735119402.359092,86
1735119402.463543,86
1735119402.568214,86
1735119402.672307,86
1735119402.775670,87
1735119402.879071,88
1735119402.983204,88
1735119403.087443,88
1735119403.190770,88
1735119403.294373,88
1735119403.399368,88
1735119403.503805,88
1735119403.607347,88
1735119403.710620,88
1735119403.813871,90
1735119403.917724,89
1735119404.021558,92
1735119404.125655,92
1735119404.228569,93
1735119404.331882,92
1735119404.435888,92
1735119404.539723,92
1735119404.643466,92
1735119404.746654,92
1735119404.849823,92
1735119404.953046,90
1735119405.056768,91
1735119405.159844,88
1735119405.262889,89
1735119405.366057,90
1735119405.469391,90
1735119405.573662,90
1735119405.677613,90
1735119405.780762,91
1735119405.883905,91
1735119405.988134,91
1735119406.091958,91
1735119406.194954,92
1735119406.298048,93
1735119406.401906,90
1735119406.505814,93
1735119406.609967,93
1735119406.713157,93
1735119406.816322,93
1735119406.920857,92
1735119407.024880,93
1735119407.128875,92
1735119407.231934,92
1735119407.335057,92
1735119407.438849,91
1735119407.542820,91
1735119407.646442,91
1735119407.749563,90
1735119407.852829,91
1735119407.955815,91
1735119408.059077,91
1735119408.162157,91
1735119408.265081,91
1735119408.368219,91
1735119408.471143,91
1735119408.574617,91
1735119408.677878,92
1735119408.780844,92
1735119408.883706,92
1735119408.987497,93
1735119409.091852,94
1735119409.195435,94
1735119409.299312,94
1735119409.402873,94
1735119409.506722,95
1735119409.610039,94
1735119409.713029,94
1735119409.815822,94
1735119409.919840,94
1735119410.023703,93
1735119410.128131,93
1735119410.231272,92
1735119410.334180,91
1735119410.437080,92
1735119410.541499,92
1735119410.646542,92
1735119410.749636,92
1735119410.852438,92
1735119410.957644,92
1735119411.061708,91
1735119411.164813,91
1735119411.267869,92
1735119411.370810,91
1735119411.474336,91
1735119411.577487,90
1735119411.680686,90
1735119411.783634,90
1735119411.886668,90
1735119411.990387,90
1735119412.094202,90
1735119412.197057,90
1735119412.300847,90
1735119412.404573,92
1735119412.508749,91
1735119412.613127,91
1735119412.716286,91
1735119412.819144,91
1735119412.922708,92
1735119413.027727,92
1735119413.132754,92
1735119413.235667,92
1735119413.339147,92
1735119413.443998,92
1735119413.547911,92
1735119413.651363,92
1735119413.754993,92
1735119413.858680,92
1735119413.962902,93
1735119414.067482,92
1735119414.171559,92
1735119414.275297,92
1735119414.379183,92
1735119414.483400,92
1735119414.587209,92
1735119414.690916,92
1735119414.794651,92
1735119414.898575,92
1735119415.002495,92
1735119415.107084,91
1735119415.210885,91
1735119415.314437,92
1735119415.418308,92
1735119415.521527,94
1735119415.625001,93
1735119415.728269,93
1735119415.831201,93
1735119415.934456,93
1735119416.037634,93
1735119416.142366,93
1735119416.245678,93
1735119416.348963,97
1735119416.452769,95
1735119416.556262,96
1735119416.659708,98
1735119416.763030,98
1735119416.865994,98
1735119416.969725,98
1735119417.073711,98
1735119417.176847,99
1735119417.279896,98
1735119417.382862,98
1735119417.486421,98
1735119417.590586,98
1735119417.693807,96
1735119417.796803,96
1735119417.899905,94
1735119418.003654,95
1735119418.107655,95
1735119418.210819,96
1735119418.313688,96
1735119418.417585,96
1735119418.521216,96
1735119418.625706,96
1735119418.728897,96
1735119418.831991,96
1735119418.936459,97
1735119419.041176,97
1735119419.144691,97
1735119419.247684,97
1735119419.350717,98
1735119419.454735,98
1735119419.558655,98
1735119419.662360,98
1735119419.765840,98
1735119419.868819,98
1735119419.973313,98
1735119420.076467,99
1735119420.180190,98
1735119420.283674,97
1735119420.387143,97
1735119420.490165,97
1735119420.594795,94
1735119420.698447,96
1735119420.801893,96
1735119420.906467,97
1735119421.010381,97
1735119421.114830,97
1735119421.218133,97
1735119421.321284,97
1735119421.425263,97
1735119421.529631,97
1735119421.633946,98
1735119421.737563,98
1735119421.841063,99
1735119421.944562,97
1735119422.048576,100
1735119422.152328,99
1735119422.256283,99
1735119422.360013,99
1735119422.464155,99
1735119422.567987,100
1735119422.671208,99
1735119422.774395,99
1735119422.877507,99
1735119422.980628,97
1735119423.083761,98
1735119423.186941,97
1735119423.290100,96
1735119423.393110,95
1735119423.497470,95
1735119423.601516,96
1735119423.704798,96
1735119423.808023,96
1735119423.911305,96
1735119424.014561,96
1735119424.117651,96
1735119424.220684,96
1735119424.324251,97
1735119424.428263,96
1735119424.532833,96
1735119424.637697,96
1735119424.741862,96
1735119424.845561,96
1735119424.949772,96
1735119425.053782,97
1735119425.157891,97
1735119425.261650,97
1735119425.365421,97
1735119425.469292,97
1735119425.573460,98
1735119425.677137,97
1735119425.780866,97
1735119425.884673,97
1735119425.989302,97
1735119426.093202,98
1735119426.196885,97
1735119426.300703,98
1735119426.404800,99
1735119426.509442,99
1735119426.614516,98
1735119426.718395,98
1735119426.822336,98
1735119426.926701,98
1735119427.031600,98
1735119427.135354,98
1735119427.238937,98
1735119427.342400,98
1735119427.445979,98
1735119427.550712,98
1735119427.655352,98
1735119427.758991,98
1735119427.862731,98
1735119427.967157,99
1735119428.071480,98
1735119428.174505,99
1735119428.277398,99
1735119428.380323,99
1735119428.483214,99
1735119428.586785,99
1735119428.689745,99
1735119428.792661,99
1735119428.895538,99
1735119428.999242,99
1735119429.102874,100
1735119429.205713,98
1735119429.308341,98
1735119429.411856,98
1735119429.514755,98
1735119429.618288,98
1735119429.721337,98
1735119429.824406,98
1735119429.927989,98
1735119430.032137,98
1735119430.136587,98
1735119430.239928,98
1735119430.343109,98
1735119430.447327,98
1735119430.552731,97
1735119430.657377,97
1735119430.760690,97
1735119430.864157,97
1735119430.968334,97
1735119431.072303,97
1735119431.175561,97
1735119431.279169,97
1735119431.382549,97
1735119431.487221,98
1735119431.590924,98
1735119431.694625,98
1735119431.798110,98
1735119431.901289,94
1735119432.005769,86
1735119432.110441,78
1735119432.222457,70
1735119432.326023,63
1735119432.430571,56
1735119432.534194,50
1735119432.638137,49
1735119432.741786,49
1735119432.847111,50
1735119432.951540,50
1735119433.056044,50
1735119433.160044,50
1735119433.263310,51
1735119433.366253,51
1735119433.470154,51
1735119433.573669,53
1735119433.676944,53
1735119433.780357,53
1735119433.883577,53
1735119433.988081,53
1735119434.092367,53
1735119434.195627,53
1735119434.298881,52
1735119434.402443,52
1735119434.506918,52
1735119434.611365,52
1735119434.714542,54
1735119434.817900,53
1735119434.921534,53
1735119435.025465,54
1735119435.129249,54
1735119435.232350,54
1735119435.335410,54
1735119435.439788,55
1735119435.542971,55
1735119435.646490,55
1735119435.749707,53
1735119435.852755,54
1735119435.956287,54
1735119436.060422,54
1735119436.164506,54
1735119436.268345,54
1735119436.372120,54
1735119436.476875,53
1735119436.580848,55
1735119436.684676,55
1735119436.788355,55
1735119436.892395,55
1735119436.997033,56
1735119437.102418,55
1735119437.206320,55
