1735119233.893157,0
1735119233.997824,15
1735119234.118176,19
1735119234.222395,20
1735119234.326391,18
1735119234.430969,19
1735119234.534986,19
1735119234.638803,20
1735119234.742380,19
1735119234.846432,18
1735119234.950618,19
1735119235.054399,19
1735119235.158197,20
1735119235.265305,17
1735119235.370154,17
1735119235.473999,15
1735119235.578063,15
1735119235.682060,11
1735119235.785866,10
1735119235.890583,11
1735119235.995401,10
1735119236.099321,11
1735119236.203187,11
1735119236.307921,11
1735119236.412551,11
1735119236.516469,11
1735119236.620390,12
1735119236.724358,12
1735119236.828512,13
1735119236.932471,13
1735119237.036937,13
1735119237.140880,13
1735119237.244704,13
1735119237.348411,16
1735119237.451993,14
1735119237.555745,14
1735119237.659023,14
1735119237.764547,15
1735119237.867989,16
1735119237.971621,15
1735119238.075603,15
1735119238.179690,16
1735119238.284736,16
1735119238.388771,16
1735119238.492957,16
1735119238.609546,17
1735119238.713378,18
1735119238.817158,18
1735119238.921982,18
1735119239.025859,19
1735119239.129949,19
1735119239.234046,19
1735119239.337925,17
1735119239.442822,17
1735119239.546909,17
1735119239.650936,15
1735119239.755052,9
1735119239.858643,9
1735119239.962708,10
1735119240.066693,13
1735119240.170395,10
1735119240.274269,12
1735119240.378147,13
1735119240.483742,14
1735119240.587742,13
1735119240.691823,13
1735119240.795856,15
1735119240.899820,15
1735119241.003847,13
1735119241.107319,14
1735119241.211139,13
1735119241.315155,13
1735119241.419145,16
1735119241.523223,14
1735119241.627307,16
1735119241.731364,15
1735119241.836077,16
1735119241.939872,15
1735119242.043765,15
1735119242.147582,17
1735119242.251443,16
1735119242.355314,17
1735119242.458782,16
1735119242.562507,16
1735119242.665890,17
1735119242.769729,17
1735119242.874096,18
1735119242.978343,17
1735119243.082114,17
1735119243.185652,18
1735119243.289000,18
1735119243.393311,19
1735119243.499727,18
1735119243.603677,18
1735119243.707537,19
1735119243.812230,18
1735119243.917078,18
1735119244.020837,18
1735119244.124803,18
1735119244.228671,16
1735119244.335072,10
1735119244.438952,11
1735119244.543254,11
1735119244.647152,11
1735119244.751157,11
1735119244.855047,11
1735119244.959695,12
1735119245.063635,12
1735119245.167742,12
1735119245.271511,13
1735119245.375358,13
1735119245.479702,13
1735119245.582898,13
1735119245.686539,14
1735119245.790205,14
1735119245.894641,14
1735119245.998513,15
1735119246.101780,16
1735119246.205389,18
1735119246.309148,18
1735119246.415036,15
1735119246.518690,18
1735119246.621922,19
1735119246.725013,18
1735119246.828409,19
1735119246.933044,16
1735119247.036244,19
1735119247.139453,18
1735119247.242700,20
1735119247.345822,18
1735119247.450402,10
1735119247.553652,8
1735119247.656933,9
1735119247.760324,9
1735119247.863804,9
1735119247.967975,11
1735119248.071208,11
1735119248.174363,11
1735119248.278081,12
1735119248.381023,12
1735119248.484515,12
1735119248.587646,13
1735119248.690774,13
1735119248.794718,13
1735119248.898023,13
1735119249.002031,13
1735119249.105799,14
1735119249.209795,14
1735119249.313579,14
1735119249.418337,14
1735119249.521780,15
1735119249.625908,16
1735119249.729943,15
1735119249.834963,15
1735119249.939605,16
1735119250.043689,16
1735119250.147629,16
1735119250.251319,16
1735119250.355964,16
1735119250.460617,17
1735119250.564762,17
1735119250.668555,17
1735119250.773696,17
1735119250.877972,17
1735119250.981824,19
1735119251.084998,19
1735119251.188014,19
1735119251.292596,19
1735119251.397332,19
1735119251.501987,19
1735119251.605716,19
1735119251.709700,19
1735119251.813858,19
1735119251.918359,19
1735119252.022785,19
1735119252.126418,14
1735119252.230022,8
1735119252.334336,9
1735119252.438109,11
1735119252.541401,12
1735119252.645024,14
1735119252.748921,13
1735119252.853625,13
1735119252.958042,12
1735119253.062095,14
1735119253.165569,15
1735119253.268673,15
1735119253.372548,13
1735119253.476392,15
1735119253.579638,15
1735119253.682840,15
1735119253.786703,15
1735119253.890928,14
1735119253.994780,15
1735119254.097944,15
1735119254.200843,15
1735119254.304444,15
1735119254.407979,17
1735119254.512195,17
1735119254.615711,17
1735119254.719615,17
1735119254.824260,17
1735119254.929342,18
1735119255.033605,18
1735119255.137793,18
1735119255.241767,18
1735119255.346833,18
1735119255.451472,19
1735119255.556219,19
1735119255.659712,19
1735119255.763583,19
1735119255.868541,20
1735119255.972432,19
1735119256.076204,19
1735119256.179884,18
1735119256.283435,19
1735119256.387447,19
1735119256.491513,17
1735119256.594861,13
1735119256.698122,10
1735119256.801950,9
1735119256.905800,10
1735119257.009884,10
1735119257.112987,10
1735119257.216123,11
1735119257.319909,11
1735119257.424042,11
1735119257.527534,12
1735119257.631481,12
1735119257.735304,13
1735119257.839370,12
1735119257.943492,13
1735119258.047343,13
1735119258.150928,13
1735119258.254177,14
1735119258.358394,14
1735119258.462690,16
1735119258.566099,16
1735119258.669314,17
1735119258.772373,17
1735119258.877428,19
1735119258.982330,19
1735119259.085906,18
1735119259.189034,18
1735119259.293067,17
1735119259.397117,14
1735119259.500776,10
1735119259.605025,9
1735119259.709045,11
1735119259.812621,10
1735119259.916466,9
1735119260.020329,9
1735119260.123893,10
1735119260.227353,11
1735119260.330679,10
1735119260.434872,11
1735119260.538223,12
1735119260.642466,11
1735119260.746878,12
1735119260.851616,12
1735119260.956748,13
1735119261.060260,12
1735119261.163983,13
1735119261.267419,14
1735119261.370566,15
1735119261.474221,15
1735119261.577109,16
1735119261.680435,15
1735119261.785234,15
1735119261.888906,15
1735119261.992699,16
1735119262.095945,18
1735119262.199091,17
1735119262.302802,17
1735119262.406635,17
1735119262.510533,17
1735119262.614802,18
1735119262.718629,18
1735119262.822764,18
1735119262.926574,18
1735119263.030670,18
1735119263.133891,19
1735119263.237049,19
1735119263.340669,19
1735119263.444566,19
1735119263.547774,19
1735119263.650947,19
1735119263.754380,19
1735119263.858391,19
1735119263.962363,19
1735119264.065720,18
1735119264.168982,17
1735119264.272138,12
1735119264.376569,9
1735119264.481337,9
1735119264.584826,10
1735119264.688133,10
1735119264.791913,12
1735119264.895931,12
1735119264.999832,14
1735119265.102931,15
1735119265.206228,16
1735119265.310343,15
1735119265.414163,17
1735119265.517947,17
1735119265.620929,17
1735119265.723719,16
1735119265.827138,17
1735119265.930846,17
1735119266.034002,15
1735119266.136821,16
1735119266.239420,15
1735119266.343449,16
1735119266.447287,15
1735119266.550705,16
1735119266.654051,16
1735119266.757144,16
1735119266.860925,16
1735119266.964645,16
1735119267.068117,17
1735119267.171453,18
1735119267.274534,17
1735119267.378343,17
1735119267.482220,17
1735119267.585505,18
1735119267.688622,18
1735119267.792463,18
1735119267.896426,18
1735119268.000259,18
1735119268.103432,18
1735119268.206676,18
1735119268.310208,18
1735119268.414103,18
1735119268.517665,18
1735119268.620738,17
1735119268.723563,11
1735119268.827399,10
1735119268.931176,10
1735119269.034818,11
1735119269.137768,11
1735119269.240557,11
1735119269.343961,12
1735119269.447340,12
1735119269.550103,12
1735119269.653026,13
1735119269.755874,13
1735119269.858648,13
1735119269.962232,13
1735119270.065426,14
1735119270.169076,14
1735119270.273073,14
1735119270.377952,14
1735119270.481734,15
1735119270.585087,15
1735119270.688039,15
1735119270.791590,16
1735119270.895413,15
1735119270.999005,16
1735119271.102216,17
1735119271.205062,17
1735119271.308617,18
1735119271.412020,18
1735119271.515454,17
1735119271.618321,16
1735119271.721098,16
1735119271.824470,16
1735119271.928398,15
1735119272.032470,9
1735119272.135245,8
1735119272.238147,9
1735119272.341674,10
1735119272.444413,11
1735119272.547310,12
1735119272.650457,13
1735119272.753976,11
1735119272.858749,12
1735119272.962910,15
1735119273.066674,16
1735119273.170505,13
1735119273.274281,14
1735119273.379061,13
1735119273.483522,13
1735119273.587274,13
1735119273.691063,15
1735119273.795462,14
1735119273.899866,14
1735119274.004522,14
1735119274.108454,15
1735119274.211931,15
1735119274.315211,15
1735119274.418683,15
1735119274.522803,15
1735119274.626452,16
1735119274.729867,17
1735119274.833914,16
1735119274.938145,16
1735119275.041510,17
1735119275.145116,17
1735119275.248312,17
1735119275.352416,17
1735119275.456563,17
1735119275.559989,18
1735119275.663341,18
1735119275.766612,18
1735119275.870113,18
1735119275.974187,18
1735119276.077492,19
1735119276.181007,18
1735119276.284708,18
1735119276.388653,18
1735119276.492589,18
1735119276.596310,18
1735119276.700012,17
1735119276.803906,11
1735119276.908457,10
1735119277.012995,11
1735119277.116843,12
1735119277.220632,11
1735119277.325231,11
1735119277.429667,12
1735119277.534512,12
1735119277.638342,12
1735119277.742277,13
1735119277.846971,14
1735119277.951019,13
1735119278.054850,13
1735119278.158306,14
1735119278.262079,15
1735119278.366811,15
1735119278.471043,17
1735119278.574362,18
1735119278.677914,17
1735119278.836457,17
1735119278.941097,19
1735119279.044978,18
1735119279.148402,17
1735119279.251855,18
1735119279.355995,15
1735119279.460295,18
1735119279.563638,12
1735119279.667507,9
1735119279.771258,8
1735119279.875427,8
1735119279.979805,9
1735119280.083292,9
1735119280.186805,9
1735119280.290401,10
1735119280.394731,10
1735119280.498455,10
1735119280.601540,11
1735119280.704965,11
1735119280.808923,12
1735119280.913033,12
1735119281.017704,12
1735119281.121554,12
1735119281.225327,12
1735119281.329413,14
1735119281.433732,13
1735119281.538473,14
1735119281.642103,14
1735119281.746382,15
1735119281.851197,14
1735119281.955877,16
1735119282.059837,16
1735119282.163713,16
1735119282.267332,17
1735119282.371986,16
1735119282.476700,17
1735119282.580972,17
1735119282.685098,17
1735119282.789007,18
1735119282.892660,17
1735119282.997241,18
1735119283.100919,18
1735119283.204584,18
1735119283.308386,19
1735119283.412599,18
1735119283.517257,19
1735119283.621187,19
1735119283.725000,19
1735119283.828751,19
1735119283.933919,18
1735119284.038736,18
1735119284.142507,18
1735119284.246167,18
1735119284.350441,16
1735119284.454331,9
1735119284.557624,9
1735119284.661440,11
1735119284.765192,13
1735119284.869492,15
1735119284.973664,13
1735119285.077390,12
1735119285.181178,15
1735119285.284520,12
1735119285.388666,15
1735119285.492976,16
1735119285.596774,16
1735119285.700490,14
1735119285.805147,15
1735119285.909185,14
1735119286.013562,14
1735119286.117008,14
1735119286.220563,15
1735119286.324961,15
1735119286.429121,15
1735119286.533679,15
1735119286.637402,15
1735119286.740626,16
1735119286.844708,16
1735119286.949662,16
1735119287.053211,16
1735119287.157105,17
1735119287.261086,17
1735119287.364972,17
1735119287.470162,17
1735119287.574160,17
1735119287.678342,17
1735119287.781911,18
1735119287.886643,18
1735119287.991306,19
1735119288.095193,19
1735119288.199067,19
1735119288.304116,20
1735119288.408730,19
1735119288.513458,19
1735119288.617284,19
1735119288.721135,19
1735119288.825600,15
1735119288.930171,11
1735119289.033749,10
1735119289.137704,10
1735119289.241516,10
1735119289.346089,11
1735119289.449768,12
1735119289.553805,13
1735119289.657769,12
1735119289.761707,12
1735119289.866081,13
1735119289.970478,13
1735119290.074109,13
1735119290.177703,13
1735119290.281451,14
1735119290.384884,14
1735119290.488044,14
1735119290.591570,14
1735119290.694849,15
1735119290.798273,16
1735119290.902538,16
1735119291.007014,18
1735119291.110402,19
1735119291.213778,17
1735119291.317943,17
1735119291.422184,16
1735119291.526468,18
1735119291.630173,14
1735119291.733875,10
1735119291.837950,11
1735119291.942487,10
1735119292.046841,11
1735119292.150368,10
1735119292.253761,10
1735119292.357381,11
1735119292.461095,11
1735119292.564619,11
1735119292.668118,12
1735119292.771638,12
1735119292.875596,13
1735119292.979312,12
1735119293.082837,13
1735119293.186102,13
1735119293.290030,13
1735119293.393507,13
1735119293.497945,14
1735119293.601208,14
1735119293.704783,14
1735119293.808927,14
1735119293.912964,15
1735119294.017010,15
1735119294.120613,15
1735119294.224303,15
1735119294.328451,16
1735119294.432349,16
1735119294.535811,16
1735119294.639713,16
1735119294.743520,16
1735119294.848055,17
1735119294.952713,17
1735119295.057425,17
1735119295.161192,17
1735119295.264902,18
1735119295.368812,19
1735119295.472574,20
1735119295.576311,19
1735119295.680122,19
1735119295.784060,19
1735119295.888250,19
1735119295.993147,19
1735119296.097050,19
1735119296.200926,19
1735119296.304714,19
1735119296.409269,18
1735119296.512958,12
1735119296.616879,9
1735119296.720382,9
1735119296.823703,10
1735119296.926835,10
1735119297.030544,12
1735119297.133851,14
1735119297.236919,14
1735119297.340936,14
1735119297.445035,16
1735119297.548604,15
1735119297.652013,16
1735119297.755166,15
1735119297.859081,15
1735119297.963295,17
1735119298.067116,17
1735119298.170767,16
1735119298.274503,17
1735119298.378779,15
1735119298.482587,15
1735119298.586421,15
1735119298.690203,15
1735119298.794012,17
1735119298.898803,17
1735119299.003402,17
1735119299.107196,17
1735119299.210564,17
1735119299.315069,18
1735119299.419452,18
1735119299.523994,18
1735119299.627968,18
1735119299.731262,18
1735119299.834728,19
1735119299.938692,19
1735119300.042718,19
1735119300.146706,19
1735119300.249951,19
1735119300.354232,19
1735119300.457902,19
1735119300.562099,19
1735119300.665733,19
1735119300.769306,19
1735119300.873028,18
1735119300.977185,12
1735119301.080672,9
1735119301.184189,9
1735119301.287503,10
1735119301.391403,10
1735119301.495848,10
1735119301.599360,11
1735119301.702735,11
1735119301.806206,11
1735119301.910558,13
1735119302.014259,13
1735119302.117388,13
1735119302.220243,14
1735119302.324001,14
1735119302.427502,14
1735119302.530853,14
1735119302.633554,14
1735119302.736288,15
1735119302.841082,15
1735119302.944547,16
1735119303.048384,16
1735119303.151396,15
1735119303.254606,17
1735119303.358417,17
1735119303.462518,19
1735119303.565923,19
1735119303.669174,17
1735119303.772866,17
1735119303.877440,16
1735119303.981647,12
1735119304.085251,9
1735119304.189014,11
1735119304.292751,11
1735119304.397106,10
1735119304.501563,9
1735119304.605373,9
1735119304.709218,10
1735119304.812896,10
1735119304.917360,10
1735119305.021680,12
1735119305.125461,11
1735119305.229287,11
1735119305.334487,12
1735119305.438582,12
1735119305.543323,12
1735119305.647183,12
1735119305.751278,13
1735119305.855121,13
1735119305.959819,13
1735119306.064641,14
1735119306.168598,15
1735119306.272477,15
1735119306.377791,16
1735119306.482255,17
1735119306.585980,15
1735119306.689977,16
1735119306.793872,16
1735119306.898449,17
1735119307.002961,16
1735119307.106770,17
1735119307.210521,17
1735119307.314386,17
1735119307.418792,18
1735119307.523145,17
1735119307.626659,17
1735119307.729918,18
1735119307.833022,18
1735119307.936971,19
1735119308.040857,20
1735119308.144297,18
1735119308.247723,18
1735119308.351833,18
1735119308.455709,18
1735119308.559686,18
1735119308.662835,18
1735119308.766364,16
1735119308.871140,10
1735119308.974981,10
1735119309.078918,11
1735119309.182684,11
1735119309.286562,11
1735119309.391083,13
1735119309.495627,13
1735119309.599384,15
1735119309.703316,13
1735119309.807077,15
1735119309.911675,13
1735119310.016296,16
1735119310.120168,14
1735119310.223893,16
1735119310.328252,15
1735119310.432623,17
1735119310.536500,17
1735119310.639817,16
1735119310.743114,16
1735119310.846555,15
1735119310.950438,15
1735119311.054453,15
1735119311.157687,16
1735119311.261063,16
1735119311.365447,16
1735119311.468918,16
1735119311.572298,17
1735119311.675564,17
1735119311.779409,17
1735119311.884124,17
1735119311.987922,17
1735119312.091231,17
1735119312.194612,18
1735119312.297773,18
1735119312.403734,18
1735119312.508608,19
1735119312.612370,20
1735119312.715815,19
1735119312.819173,19
1735119312.922798,19
1735119313.026772,19
1735119313.130062,19
1735119313.232913,16
1735119313.335878,11
1735119313.439311,10
1735119313.542836,11
1735119313.645840,11
1735119313.748591,12
1735119313.852077,12
1735119313.955394,12
1735119314.058931,12
1735119314.162087,12
1735119314.264901,13
1735119314.368422,13
1735119314.471876,13
1735119314.574733,13
1735119314.677406,14
1735119314.779978,14
1735119314.883024,14
1735119314.986458,14
1735119315.089476,15
1735119315.192408,15
1735119315.295100,15
1735119315.399037,15
1735119315.502468,16
1735119315.605520,17
1735119315.708309,17
1735119315.811026,17
1735119315.914688,18
1735119316.018892,18
1735119316.122498,17
1735119316.226242,17
1735119316.330395,15
1735119316.434765,16
1735119316.539255,10
1735119316.643047,11
1735119316.746780,12
1735119316.851121,11
1735119316.955500,10
1735119317.059991,11
1735119317.163740,11
1735119317.267290,11
1735119317.371758,12
1735119317.476381,13
1735119317.580141,12
1735119317.683536,12
1735119317.786710,13
1735119317.890100,13
1735119317.993366,13
1735119318.096198,14
1735119318.199023,14
1735119318.301650,14
1735119318.405424,14
1735119318.508727,14
1735119318.611715,16
1735119318.714441,15
1735119318.817260,15
1735119318.920686,16
1735119319.024136,16
1735119319.127067,16
1735119319.230279,16
1735119319.334362,16
1735119319.437934,16
1735119319.541403,17
1735119319.644303,17
1735119319.746988,17
1735119319.850381,17
1735119319.953191,17
1735119320.056021,18
1735119320.158972,18
1735119320.261765,18
1735119320.365175,19
1735119320.469987,18
1735119320.573675,19
1735119320.676419,18
1735119320.778909,18
1735119320.882525,18
1735119320.985689,18
1735119321.088375,18
1735119321.191218,15
1735119321.294122,10
1735119321.397110,10
1735119321.500300,11
1735119321.603194,11
1735119321.706141,11
1735119321.809064,13
1735119321.912562,13
1735119322.015309,15
1735119322.118191,15
1735119322.221020,15
1735119322.323723,14
1735119322.427819,16
1735119322.530932,16
1735119322.634061,16
1735119322.736965,16
1735119322.839619,17
1735119322.942552,17
1735119323.045995,16
1735119323.148839,16
1735119323.251818,16
1735119323.355240,15
1735119323.458703,15
1735119323.562538,16
1735119323.665766,16
1735119323.768817,16
1735119323.872393,16
1735119323.975716,17
1735119324.079715,17
1735119324.182966,17
1735119324.286444,19
1735119324.390435,17
1735119324.494372,17
1735119324.597638,18
1735119324.700958,18
1735119324.804039,19
1735119324.908052,18
1735119325.012472,18
1735119325.115567,18
1735119325.218557,18
1735119325.321622,18
1735119325.425983,18
1735119325.530130,18
1735119325.633417,16
1735119325.736633,11
1735119325.839993,10
1735119325.944029,11
1735119326.047931,11
1735119326.151520,11
1735119326.254696,12
1735119326.358813,12
1735119326.462942,13
1735119326.567173,12
1735119326.670734,13
1735119326.774289,13
1735119326.878699,13
1735119326.983266,13
1735119327.087150,14
1735119327.191084,14
1735119327.295012,14
1735119327.399775,14
1735119327.503708,15
1735119327.607444,15
1735119327.711135,15
1735119327.814927,15
1735119327.919122,16
1735119328.023732,16
1735119328.127656,17
1735119328.231459,18
1735119328.336190,19
1735119328.441981,18
1735119328.545681,18
1735119328.649226,18
1735119328.752431,18
1735119328.862252,18
1735119328.966071,13
1735119329.070380,10
1735119329.174039,12
